1.687052
2.103787
2.520522
2.937279
3.364603
3.780249
4.195919
4.617733
5.032495
5.447279
5.862041
6.296258
6.709070
7.121905
7.543605
7.955011
8.366417
8.777823
9.229841
9.642585
10.055351
10.480340
10.891882
11.303401
11.714943
12.167370
12.580136
12.992880
13.417279
13.828708
14.240113
14.651519
15.104581
15.516961
15.929319
16.354898
16.766146
17.177370
17.588617
18.037052
18.449162
18.861269
19.273355
19.707415
20.119024
20.530657
20.980453
21.392857
21.805283
22.217688
22.646463
23.058119
23.469772
23.917505
24.329887
24.742268
25.154648
25.584082
25.995579
26.407074
26.853674
27.265965
27.678232
28.090498
28.521044
28.932312
29.343605
29.782450
30.194399
30.606373
31.018322
31.456644
31.867891
32.279160
32.723015
33.135170
33.547325
33.959480
34.396599
34.808048
35.219479
35.630928
35.992245
36.404423
36.816597
37.240002
37.651566
38.063107
38.474670
38.920704
39.332790
39.744877
40.177074
40.588638
41.000225
41.411816
41.854874
42.267029
42.679184
43.114830
43.526554
43.938255
44.349976
44.798458
45.210659
45.622856
46.035034
46.369911
46.781631
47.193356
47.615147
48.027279
48.439411
48.851543
49.289433
49.700974
50.112541
50.546825
50.958981
51.371132
51.783287
52.224854
52.636349
53.047844
53.459343
53.887733
54.299908
54.712063
55.160748
55.572357
55.983944
56.395557
56.837574
57.249706
57.661839
58.100021
58.511631
58.923244
59.334877
59.774628
60.186756
60.598888
61.038502
61.450024
61.861565
62.273083
62.713196
63.125237
63.537300
63.975487
64.387169
64.798843
65.210518
65.648186
66.060135
66.472084
66.911949
67.323380
67.734810
68.146233
68.572220
68.984062
69.395874
69.807709
70.221909
70.633698
71.045486
71.646370
72.059845
72.473335
72.927711
73.360344
73.792946
74.225555
74.692520
75.104424
75.516304
75.842560
76.253288
76.663994
77.074715
77.526917
77.937798
78.348709
78.771652
79.181770
79.591881
80.001999
80.359161
80.771675
81.184196
81.596733
82.031342
82.444672
82.858025
83.296913
83.710388
84.123833
84.537300
85.176056
85.590706
86.005371
86.434425
86.846527
87.258659
87.689026
88.100525
88.512039
88.923561
89.366394
89.778343
90.190292
90.602242
91.039345
91.451202
91.863060
92.303787
92.715805
93.127823
93.539841
93.977303
94.389183
94.801064
95.243813
95.655258
96.066711
96.478165
96.916687
97.327599
97.738503
98.179863
98.591385
99.002899
99.414444
99.855034
100.266510
100.677956
101.119431
101.531471
101.943489
102.355530
102.792061
103.203629
103.615173
104.054718
104.466667
104.878593
105.290543
105.729362
106.140747
106.552132
106.963493
107.218094
107.630089
108.042084
108.454079
108.871681
109.282951
109.694221
110.129089
110.540703
110.952316
111.363922
111.808098
112.219475
112.630836
113.067078
113.478821
113.890564
114.302315
114.746872
115.158348
115.569817
116.002426
116.414169
116.825920
117.237640
117.684265
118.096054
118.507866
118.941948
119.353539
119.765121
120.176735
120.621704
121.033241
121.444809
121.876732
122.288116
122.699478
123.110863
123.556641
123.968208
124.379776
124.791313
125.218597
125.629951
126.041290
126.492249
126.904175
127.316078
127.727982
128.168793
128.580811
128.992828
129.432785
129.844894
130.257004
130.669144
131.105942
131.517685
131.929428
132.370789
132.782715
133.194672
133.606628
134.030045
134.441910
134.853760
135.323105
135.735733
136.148346
136.560974
137.000931
137.413269
137.825577
138.254120
138.667099
139.080063
139.493057
139.927841
140.339844
140.751831
141.163834
141.517578
141.930161
142.342773
142.662918
143.074509
143.486130
143.897705
144.338715
144.751526
145.164307
145.577118
146.004837
146.416626
146.828415
147.272919
147.685440
148.097961
148.510498
148.944580
149.356216
149.767868
150.208252
150.620117
151.031967
151.443817
151.883896
152.295486
152.707077
153.144897
153.556686
153.968475
154.380295
154.817093
155.228729
155.640381
156.081314
156.492950
156.904587
157.316208
157.754913
158.166489
158.578049
158.989594
159.336761
159.748459
160.160141
160.495468
160.907181
161.318909
161.730606
162.160751
162.572510
162.984314
163.396103
163.834686
164.246445
164.658157
165.096573
165.508392
165.920197
166.332016
166.772873
167.184555
167.596237
168.035019
168.446915
168.858795
169.270706
169.709183
170.120865
170.532547
170.972763
171.384766
171.796753
172.208771
172.647522
173.058975
173.470428
173.906937
174.318817
174.730728
175.142624
175.574188
175.985733
176.397278
176.808838
177.266739
177.678802
178.090836
178.531677
178.943375
179.355057
179.766754
180.207123
180.622131
181.037170
181.473267
181.885696
182.298111
182.710541
183.154373
183.567093
183.979843
184.410004
184.822495
185.234985
185.647476
186.203400
186.723068
187.245438
187.762741
188.280029
188.820267
189.337433
189.854599
190.394440
190.912704
191.430954
191.968216
192.486343
193.004517
193.544586
194.063019
194.581451
195.115753
195.633850
196.167252
196.685333
197.203400
197.737488
198.254898
198.772293
199.313629
199.831024
200.348389
200.884583
201.401566
201.918549
202.458389
202.974945
203.491516
204.026230
204.542542
205.058838
205.502609
206.019073
206.535553
207.058411
207.575333
208.117783
208.634537
209.151291
209.695328
210.212540
210.729752
211.263840
211.780685
212.297531
212.840164
213.357422
213.874649
214.413559
214.930313
215.447067
215.878159
216.394531
216.910934
217.450500
217.967010
218.505829
219.022812
219.539825
220.286163
220.700912
221.115662
221.538162
221.949982
222.361786
222.773590
223.209076
223.620605
224.032181
224.471542
224.883362
225.295166
225.706955
226.145767
226.556992
226.968185
227.409393
227.821106
228.232819
228.644531
229.083725
229.494766
229.905823
230.316895
230.573944
230.985672
231.397415
231.809158
232.216049
232.627319
233.038574
233.485916
233.897614
234.309296
234.720993
235.164581
235.576172
235.987762
236.426025
236.837952
237.249893
237.661835
238.101944
238.513351
238.924759
239.361435
239.773224
240.185013
240.596786
241.038818
241.450302
241.861740
242.297852
242.709457
243.121063
243.532669
243.977280
244.388611
244.799973
245.233948
245.645828
246.057693
246.469574
246.913803
247.325287
247.736755
248.148209
248.395828
248.807693
249.219528
249.631378
250.280777
250.692215
251.103653
251.535645
251.947510
252.359344
252.791199
253.202591
253.613998
254.025391
254.462997
254.874893
255.286804
255.728302
256.139587
256.550873
256.962189
257.403412
257.815247
258.227112
258.665619
259.077362
259.489105
259.900848
260.338379
260.750397
261.162384
261.603546
262.015320
262.427063
262.838837
263.277832
263.689575
264.101318
264.540924
264.952820
265.364685
265.776581
266.214569
266.626495
267.038422
267.450317
267.807800
268.220001
268.632172
269.055389
269.467133
269.878876
270.290649
270.732208
271.144257
271.556305
271.991608
272.403229
272.814850
273.226471
273.667664
274.079224
274.490784
274.902374
275.248993
275.660767
276.072540
276.502502
276.914581
277.326630
277.738647
278.173889
278.585571
278.997253
279.438812
279.850555
280.262329
280.674103
281.112030
281.523560
281.935089
282.374390
282.786133
283.197937
283.609711
284.044891
284.456421
284.867920
285.279419
285.715546
286.127533
286.539490
286.982056
287.393585
287.805115
288.216614
288.666168
289.078217
289.490265
289.921143
290.332794
290.744385
291.156036
291.604034
292.016052
292.428101
292.861450
293.273041
293.684631
294.096222
294.545685
294.957886
295.370056
295.795380
296.206970
296.618561
297.030121
297.482819
297.895203
298.307587
298.734619
299.146515
299.558380
299.970306
300.421936
300.834717
301.247498
301.660309
302.306946
302.718567
303.130219
303.548798
303.961090
304.373352
304.813263
305.224854
305.636444
306.048035
306.498871
306.911102
307.323303
307.752472
308.163940
308.575409
308.986877
309.432373
309.844147
310.255890
310.687866
311.099274
311.510681
311.922058
312.372284
312.784576
313.196869
313.626068
314.037628
314.449158
314.860718
315.306000
315.718048
316.130127
316.562805
316.974274
317.385681
317.797119
318.246765
318.658997
319.071198
319.483429
319.894775
320.306183
320.717621
321.170197
321.582306
321.994415
322.406525
322.850830
323.262054
323.673279
324.116364
324.528320
324.940308
325.352264
325.789764
326.201019
326.612305
327.058441
327.470825
327.883209
328.295593
328.728973
329.140533
329.552124
329.997955
330.410828
330.823639
331.236511
331.667358
332.079010
332.490631
332.933533
333.346222
333.758911
334.171600
334.603912
335.015472
335.427032
335.838593
336.205109
336.617401
337.029663
337.438965
337.850800
338.262573
338.674408
339.173279
339.586426
339.999603
340.437653
340.851318
341.264984